                 112
         1             1    -238.147537786774620    0.000000000000000    
         1             4    0.035000000000000    0.000000000000000    
         1             5    0.000000000000000    0.010394469683442    
         1             9    0.369500000000000    0.000000000000000    
         1            11    -1.958000000000000    0.000000000000000    
         1            15    0.000000000000000    0.112429978208661    
         1            19    -0.468000000000000    0.000000000000000    
         2             2    -238.106871120107940    0.000000000000000    
         2             6    0.000000000000000    0.010394469683442    
         2            10    0.369500000000000    0.000000000000000    
         2            12    -1.958000000000000    0.000000000000000    
         2            16    0.000000000000000    0.112429978208661    
         2            20    -0.468000000000000    0.000000000000000    
         3             3    -238.428537786774598    0.000000000000000    
         3             6    0.042866070498706    0.000000000000000    
         3             7    0.000000000000000    0.041000000000000    
         3            13    -1.383000000000000    0.000000000000000    
         3            17    0.000000000000000    0.068000000000000    
         4             1    0.035000000000000    0.000000000000000    
         4             4    -238.422871120107942    0.000000000000000    
         4             8    0.000000000000000    0.041000000000000    
         4            14    -1.383000000000000    0.000000000000000    
         4            18    0.000000000000000    0.068000000000000    
         5             1    0.000000000000000    -0.010394469683442    
         5             5    -237.717037786774625    0.000000000000000    
         5             8    0.042866070498706    0.000000000000000    
         5             9    0.000000000000000    0.010394469683442    
         5            11    0.000000000000000    0.106066017177982    
         5            15    -2.313000000000000    0.000000000000000    
         5            19    0.000000000000000    -0.106066017177982    
         6             2    0.000000000000000    -0.010394469683442    
         6             3    0.042866070498706    0.000000000000000    
         6             6    -237.746371120107938    0.000000000000000    
         6            10    0.000000000000000    0.010394469683442    
         6            12    0.000000000000000    0.106066017177982    
         6            16    -2.313000000000000    0.000000000000000    
         6            20    0.000000000000000    -0.106066017177982    
         7             3    0.000000000000000    -0.041000000000000    
         7             7    -238.393537786774601    0.000000000000000    
         7            10    0.035000000000000    0.000000000000000    
         7            13    0.000000000000000    -0.068000000000000    
         7            17    -1.383000000000000    0.000000000000000    
         8             4    0.000000000000000    -0.041000000000000    
         8             5    0.042866070498706    0.000000000000000    
         8             8    -238.457871120107939    0.000000000000000    
         8            14    0.000000000000000    -0.068000000000000    
         8            18    -1.383000000000000    0.000000000000000    
         9             1    0.369500000000000    0.000000000000000    
         9             5    0.000000000000000    -0.010394469683442    
         9             9    -238.077537786774599    0.000000000000000    
         9            11    -0.468000000000000    0.000000000000000    
         9            15    0.000000000000000    -0.112429978208661    
         9            19    -1.958000000000000    0.000000000000000    
        10             2    0.369500000000000    0.000000000000000    
        10             6    0.000000000000000    -0.010394469683442    
        10             7    0.035000000000000    0.000000000000000    
        10            10    -238.176871120107933    0.000000000000000    
        10            12    -0.468000000000000    0.000000000000000    
        10            16    0.000000000000000    -0.112429978208661    
        10            20    -1.958000000000000    0.000000000000000    
        11             1    -1.958000000000000    0.000000000000000    
        11             5    0.000000000000000    -0.106066017177982    
        11             9    -0.468000000000000    0.000000000000000    
        11            11    -228.462704453441290    0.000000000000000    
        11            15    0.000000000000000    0.149199530830361    
        11            19    0.877000000000000    0.000000000000000    
        12             2    -1.958000000000000    0.000000000000000    
        12             6    0.000000000000000    -0.106066017177982    
        12            10    -0.468000000000000    0.000000000000000    
        12            12    -228.462704453441290    0.000000000000000    
        12            16    0.000000000000000    0.149199530830361    
        12            20    0.877000000000000    0.000000000000000    
        13             3    -1.383000000000000    0.000000000000000    
        13             7    0.000000000000000    0.068000000000000    
        13            13    -229.149104453441282    0.000000000000000    
        13            17    0.000000000000000    0.061000000000000    
        14             4    -1.383000000000000    0.000000000000000    
        14             8    0.000000000000000    0.068000000000000    
        14            14    -229.149104453441282    0.000000000000000    
        14            18    0.000000000000000    0.061000000000000    
        15             1    0.000000000000000    -0.112429978208661    
        15             5    -2.313000000000000    0.000000000000000    
        15             9    0.000000000000000    0.112429978208661    
        15            11    0.000000000000000    -0.149199530830361    
        15            15    -227.598704453441286    0.000000000000000    
        15            19    0.000000000000000    0.149199530830361    
        16             2    0.000000000000000    -0.112429978208661    
        16             6    -2.313000000000000    0.000000000000000    
        16            10    0.000000000000000    0.112429978208661    
        16            12    0.000000000000000    -0.149199530830361    
        16            16    -227.598704453441286    0.000000000000000    
        16            20    0.000000000000000    0.149199530830361    
        17             3    0.000000000000000    -0.068000000000000    
        17             7    -1.383000000000000    0.000000000000000    
        17            13    0.000000000000000    -0.061000000000000    
        17            17    -229.149104453441282    0.000000000000000    
        18             4    0.000000000000000    -0.068000000000000    
        18             8    -1.383000000000000    0.000000000000000    
        18            14    0.000000000000000    -0.061000000000000    
        18            18    -229.149104453441282    0.000000000000000    
        19             1    -0.468000000000000    0.000000000000000    
        19             5    0.000000000000000    0.106066017177982    
        19             9    -1.958000000000000    0.000000000000000    
        19            11    0.877000000000000    0.000000000000000    
        19            15    0.000000000000000    -0.149199530830361    
        19            19    -228.462704453441290    0.000000000000000    
        20             2    -0.468000000000000    0.000000000000000    
        20             6    0.000000000000000    0.106066017177982    
        20            10    -1.958000000000000    0.000000000000000    
        20            12    0.877000000000000    0.000000000000000    
        20            16    0.000000000000000    -0.149199530830361    
        20            20    -228.462704453441290    0.000000000000000    
